3914 111111.

13. 140,13. 141. 11. 144.
10. 134,10. 104. 13. 111.
14. 116. ιο.
1. 0 30. 113. 111. 13.
Mea 1 1 101. 1.
111404 g. 1. 11, 111. 111, 2.
1143. 130,10 1311. 13.
111 130, 14. 1011, 10.
1. 1. 80, 14. 11111. 11.
1111114311.
1011113 1111, 311
11Μ1
a· 1111. 5.
10411113,- 111,3 301 11111.
43, 1.·’.1, 17. 111 ·111,
11. 1411. 14, 111 110.

1111404.

1110111104411111.

10. 10,1.343.11.· ’3.·,- 10004111 30, 1. 1·,·0. 10
1·,10. ι; 11. 13. ’,- 10. 11, 1003111104 1441. Imm„-
191. 12. 13. 0411110. 1010130 10, 111. 31.11, 4011
90,10.10.01,11.11.100,0. 34, 14. 311. 13 4411. 111,
1011. ·.ῖ13.>14.10.11. 13. ··;13.“,» 1011. 11. 110
108, 1. 3. S. ·-‘. 11.;= 11. 11. 130. 3. 13111. 1041.
114 9· 11. ¹1· 13. 1014. 111010110011. 1341.
110, 11. 14. 122. 14. 3. 1001111104 4.1·. 41111. 11 1
11014. 111. 1. 130, 30. 140. 13. 1411, 13. 130. 13.
41310. 111314. 130, 100,11 1041. 1·,·0, 10
101113. 14011. 14411. 11 3013100, 14.
1511.4.11.<9.“ 1011. 11111134 13 14. 1. 41 1.
13. 14. 13. 10. 11. 22. 110, 11 13114. 14. 1341
14 11. 30. 1114141310 11111134 1111413 411. 10·.
131. 111. 10. 1ο. 11 14. 11011 13411

1111113 1311113111. 1101004110 4. 1. 1, 1 30 1·

40. 4. 44, 7. 10.· 14,· 111111...11. 11·.1111,13 31133011101301111Ι
11. 4041. 20. 41 111. 1001111300. 10011. 1111, ¹7 11113.

13· 10.31,1004,1.13. 1.1.
110. 3. 10. 71. 10 114. 3. 10141011141111·ι -·3, .

1. 1 JK 11,
1111341103,- 1 1. 1110 13

· 01 1. · 1111, 11. 112. 111μ1131.111,1,14ο,11·,111 11113141101011011.

3. 41111, 11, -111 11.
134. 10

11 1. 101411.

11. 1411. 10 11. 13.
20. u. 21. 111. 14. 1. 11·
111. 7⁰· 17. 711, Ι, 15 131,
14 104 Ις 111. 11111.
1114013114 · 11 s 3,

101 11· 111. 11. 13·

1011101034 1. 2. 3. 14, 43
11.(14. ·111 13. 11
11411 41111· 4414 . 41,ι
,14, s ¹:11, 3· 131, 11·, 11111,
4.· 1111, 11 112. 111. ·
141, 7 144, 3111, 41·
· 111 1114111 17111.

«1 a 11 111 311, 11·.
1111,11. 131, 111 11

11 1114111. 101 0.

1011111134· 1.4 1
1011101041. 4· 1111 1 114
1. 1114 111 1311, 111

4.1.411111111111
71111 11. 11 43 11 17

112. 21 111 :¹1 1·1 ·1 111 1101410111 111· 1
10111 11·· 11· 13411,
1111111111 11. 111·
g 1 11 111. 14 1 11 1 10011111 114 111.

1 13
10111114· 1111 14.

1117···1
11111413111··

13. 100, 10. 11111111 110, 11.

10310311144· 11, 31 11111, 111, 1111111911 κ 112. 10.·
10411131 b. 11. ·‘1o. 1> 1111111113 43. 1. 31. 4.

10, 3. 1011. 1013. 1011. 1111010104· 11. 3101. 11

31 1. 13. 349. 3141· 11. 1111001000 111. 10·

1. 4114 31. 1. 111. 1411. 11041011,·1101 114 13·
1111111 111. 11. 1011 11041011041111 41. 11. 14
31. 1. 11. 11. 114. 11. 111.1.

· 11·. 4- ,1- 3» 1111, 3. 111 11114411 10 1111. 11·

¹01·5· 110, 12. 1111. 20 111143113ἱο401. 11.

¹ 1111. 11. ⁸ 114. 13. 111141313104111.111. 111 1·
1111, 11, ,1, ·’ 111. · 12. 4· 1 1111, 17. 1111 11
111. 10. 1311, 3, 144Ι 34, 11. 1, 1111 11.

2¹· 111. 1. 2 ,· 1 flavum 1121 11·’1 hp
1· 1111· 11110144 10111

· 3, ..1131111141111 111411011111. 13 14· 1114-
¹3 μ’· 1 Ἀ. 11. 111 1111131.

· 170 3. ·1:111.171· 1104111111 112. 4·. 1·

1· 11· 11. 11141410 1111. 14.

1000311411· 11 1113 11 1113134110 111· 13

31. ΙΨ. 11. 7· 13, 114 11 1,· 1. 1111 1

11. 11· 11. 10114. 110 4 1104141100111 114 11
11111141· 10 -11 11114101 111 11.

111.11 11 14 111111411·111131111ι1 11·
1141114111· 11111 111 .·1

1113111 114 11
1111111111 1 11111 14
11 11. 2¹1 4.1·1 11 1 1111111134· 40 1. 31 11 1·4 han-naga* 14

17 vasstmng ,,· ,
1 1 41· 1 114 1

.·1 141111 1 41131, Ima, 1¹1· 1.

··11.111·. 1¹117..·=!u·111·;11·›11
1441114· 1· 11 1111·
131311·1·117111101»1·.·11.·41.· 11··
1314131ϊ 1111 .···
17111411411111· 1011111111

’1 1.· 10111101 u 14 11.· 1

1· 13111111·4.·. [11143111

.·1 13 1·. .··

14111·111·111·.·1
1· 111 1 uid 14·· ζ 11· 14 11411
1·· 1

’.1411 ’1,1· 1.·
141441·11·4
Α111111411 1
Ᾰ1141041Ὶ 4

 

