Εφραθα. Namenregister. Ιησους. 197

15108884811838838114-’6117961ἓ114.1813.34,16.1Ιεζραελ 34, 11, 168, 15.

168, 15. 171, 4 1 78, .116,16.<116,13.>Ι 16o,18.
11'900117126 19. 21. 46, 11., 146, 1. 4. 158,11.14. 161, ι Ιεθειρα 88, 31. 108, 1116,
56, 15. < 66, 19. >Ι 4.174,2.11*. 1 181.
68, 1. 70,19. 22. 86, 1.;θαιμαν 96, 14. 19. 20.*stva 124, 4. 156, 15.
164,16.168,19.114,16.,Ι 1113. 161,9. 146,16.(Ιερεμιας4,1.1618.7611.
<11.> 136, 24. 156, 5. <174, 16.> l 80, 11. 11. 13. 84, 3. 96,
7. 156,18. 158, 1. 166, 6. Θαιμανας g. p. 96, 21. . 12. 164,17. 120, 1. 116, 1.
1891619619. θαλ4198,16. 1 ’134, 11. <13. 14.> 16.
Ζαβουλων 18, 17. 18. 21. θαμαρ 96, 15· 17. 136, 10. 138,11. 144,
31,11.51,16.11.76,5.6. θαμαρα 8, 8. 15. 146, 7.
12, 21· 18, 23· 1188, 7· θαμνα 8, 12- 1458111261 g· 61262- 114, s· 161.
9813. 168,17.19. 116,Ι 166,1.15. J 25.
1. 2. 116, 1.1.16. 120, 3. d. s. 8. 13. d. s. 38, 8. 14. 16*.17.
136,17*. 138, 2. 7. 144, θαμνιτικη d. s. 56, 23. 18. 58, 8. <61, 1.> 74,
17. 158, 8. 10. 174, 1.11. a„ s. 24, 4. 5. <7. > 84,12. 94,1.3.
Ζαμβρι 154, 23· θαρσεις 161, 1. 118, 17. 161,8. 14. 164,11.114,16.
Ζανουα <91,14> θαρσιλα 161, 5. 118,11. 116,11. 118, 3,
Ζαρε 16816. θαφεθ 161, 148. 134, 5. 161, 111. 164, 15.
Ζαρεό 91, 16. 61116198, 17. 170, 15. 174,11. 176, 21.
Ζαχαριας 38, 12· 90. 5· ,θεκουα 86, 13*. ΙΙεριχω 11,11. 24. 14, 9. 16,
d. s. 38, 13. 146, 181916161161461.1161816811 18. 15. 18, 19. 14, 16. 46,
161, 11. 11, 1511. 34, 6. <38,1.> 9. 48, 4. 64, 16. 15. 78,1.
6181111617, 1 90, 1. 96, 8. 131, 12.¹ 154,11.
Ζειφ 91,19*. 118. 131.Ζιφ.“ <134,1.> 158, 9. 176, g. s.<8, 18.>46,19.
Ζευς g. s. Διος 148, 16. ⁵ 12*.176,19. 48, 7. 64, 16. <66, 5.>
Ζηβ 88, 2²· ¹ Θεσβιτης 161, 6. 84, 4. 20. 86, 17. <98, 3.>
Ζια 94, 3. 4644111143. s. 162, 16. ⁴ 100, 5. 164, 11. 136. 6.
2664191, 7. 8778174166, 13. Ι 15. 15417.
Ζοορα 94,1. 150, 20¹ θηνα 98, 13. 4119716161 116, 4.
81³· 188, 29· ¹38121· 1178111161, ,Ιερμοχως 166, 14.
vgl. Ζωορα. Ιαβις 31, 5. , Ιεροβοαμ 156, 5. < 176,1. >
2616411141, 1. ,1986114658 168,5*. 1Ιερουσαλημ 1,16. 34,17.
g. p. 100, 5. 168, 1616114118,<4.>5.116,16.7 38, 3. 13. 58,11. 76, 4.
131Ζοορα. [6974116416. 74, 5. 81, 11. 164, 18.
Ηλα96, 81. Ιακειμ 116,19*. 166, 7. 114, 26. 118,11.
Ηλιας 102, 6, 118, 9· 1688· Ιακωβ <8, 18.16.> 18. 146, 11. 162, 12. 164,
Ηλιουπολις 176, 3. 66, 15. 61, 5. 16. 68, 11. 22. 176, 9 174, 16.
111666789419. 161,19. 120, 8. 141,17. Ιερωνυμος4, 17.
Ηνγαννα 94, 1611. 1 156, 1. 151,13. 1641. 11. Ιεσσαι 41, 11.
Hp 10, 151. ‹ 168, 4. 11661μ6111166,13*.
Ησαιας36, 17. <19.> 22. laureta106,21.vg1.1011110. Ιεφθαε 31, 9. 14. 128. 1.
38,11.46, 11. 71, 6. 74, Ιαμνια g. s. 11,16*. 56161 132, 1. 164, 20.
1. 3. 76, 11. 80, 5. 8. 84, 1.1.71,4.1311641111114678671, 141, 8.
3. 11. 161, 8. 164,16.16. Ιανουα 168, 5. 11176664 18, 11. 21. 20, 2. 6.
118,16.116,16.111,1ο.,Ιανω168,16. 1511. 11, 1. 3. 4613.
18. 136, 16. 138, 16. 146, Ιαρειμ 48,11*. 11419131.) 46,19.11,48,1.<58,14,>
11. 146,17, 148, 3. 151, 18007101047.s.46, 11. 161,. 66,1.9.16.68,3,11.14.
311. 15413. 166,17. 7. 151, 3. 1 78, 5. 841318. 881.
161, 3. 174, 8. <9.> d. s. 62, 8. 86, 14. 98, 7. 10. 19. 104, 1517.
d. s. 38, 1. 8. 9. 74, 8.“Ιδοι1μαιος74. p. 141, 141. 1 166. 9. 17. 114, 8. 116, 5.
9.96,4.118,11.116,15. Ιεβλααμ 72, 24. 116,19.13. 111,1. 126,
136, 8. 146,21.24. 161,7.·Ιεβους 166, 3. 11. 17. <118, 11.> 14.
. 164,13. 176,16. Ιεβουσαιος 11. p. 106, 3. 146,16. 141,14. 154, 11.
Ham> 46, 11. 62, 14. 94, 9. Ιεζεκιηλ 58, 5. 7. 80,1o.11. 11. 156, 1.
96.19·28· 102.9· 23· 142. 90. ⁶· 94. 14· 9614· 100, 1· s· 18, 1. 11. 46. 11·
4 15613. 14. 151, 2. 25. 102, 713. 118,16.20. 64, 23. 66, 12. 78, 4. 84,
1121112 9⁶· s· ’ 21· 118, 1· 134.4· 1· 81 17·92,1164,11·<98,6.>
119616831. 161,16. 1816. 16413. 166.1.3,166,1.114,11.
Θ’(6<1.θεοδ’7 1916168611161. 14. 176, 15. 174, 18. 1 <11ο,18.> 116,11. 136.

 

