Edom.

Edom 143, 14.

Edomia 87, 25.

11112121 27, 3.

81121112 81, 4.

Eleutheropolis ab. s. 57. 18.

Elias 175, 16.

Eltholalh 87, 7.

Emecachor 19, 18.

Emmoue 147, 22.

Enacim 63, 19. 85, 29.

Engaddi 87, 20.

Ennom 71, 2.

Episauia 23, 31.

Ereccon 97, 2.

Eremiththa 87, 9.

Erma 83, 26.

esna 12. s· 151, 17·
261. 39, 1.

Esau 87, 10.

Esebon 85, 1. 129, 19.

= Esrom 85, 26.

Esaia 37, 2.

Era 93, 2.

Euaei 21, 8.

Euangelium 165, 2. 167, 2.

d· 1³· 59. 12·

Eufratis g. s. 83, 8.

Eulla 81, 22. 83, 2. 167,12.

Euim 87, 6.

Eusebius 3, 1.

Faeuo 81, 16.

Fauuel 169, 5.

Faora 169, 21.

Faran 167, 17. 173, 15.

Fasga 17, 24. 28. 19, 2. 105,
5. 169, 24.

Filistinus g. p. 7, 15 (= αλ·
1292121). 69, 4.

Fogo 169, 7.

‘r'ylistiim (αλλοφυλοι) 33, 25.
119. 3·

61262
Gaba 115. 8.

Gabea 133, 7.

(1262212 71, 26.
(12622111 71, 23.

Gabe 67, 16.

Gadara g. s. 23, 27.
(1211212 69, 19.

Gaza 63, 21.

Galata a. p. 173, 4.
Galgal 65, 19. 21.
Galgala p. d. p. 85, 22.
Galilaea 73, 22. g. s. 99, 22.
ean.. 73. 1Ι

Gallim 73, 5.

(1212211 75, 9.

Garizin 65, 20.

Gebal 65, 2ο.

Gebarth 75, 6.

Namenregister. Latine.

2oe

Iecouam 127, 17,
12216221 143, 8.
lecthan 107, 26.
1212222 111, 10.
12112 83, 3. 151,16. 177,16.
Iericho 2. s. 25, 15.
1211122111 111, 4.
1212111262 127, 23.
Ieroboam 43, 5.
lerosolyma g. s. 153, 8.
a. s. 25, 15.
d. p. 135, 6.
Ierusalem 37, 2 5. 91, 22 Nach-
111132.
1221221 109, 1o.
lesus 91, 22 Nachtruge. 24.

letaugiripjim' 2⁷, 3·

'Gedud 73, 11.
pGeenuom 71, 2.

(1211122759.

iGenesareth 59, 14. 73, 21.
(1222111697.

(12211173, 15. 133, 16.
(121126911.
[1121212656.

Golan 19, 5.

(1211122121 79, 14.

Graeca 2. s. 91, 5.
(11222225, 12. 93, 2. 151,1.

¹77. 2·

Graecus ab. s. 23, 31.
2124621-
²· P· 149, 9·
ab, p. 171, 21.
(11222121 15, 22. 121, 4.
26. s. 3, 11. 167, 6. lethlam 111, 7.
Guinensls a. 2. 27, 2. 1211 51. 26. 73, 23.
Hebraeum 15, 22. 43, 1. Iezechiel 163, 22.
26. s. 7, 5. 39, 6. 63, 4. lnaczeb 89, 21.
Hebraeus 21, 6. Inbachim 91, 15.
n. p. 5, 22. 9,15. 11, 5. Incendium 83, 21.
19. 1⁶· 43. 4· 77.13· ¹09. nn. a· s· 83. 3·
21. 153, 14. 1226 57, 16.
2. p. 137, 15. 145, 24. loannis 119, 8.

149, 8. 167, 6. g. s. 155, 22.

26. p. 7, 11. 12626 33, 2.
1126121211 153, 20. loel 119, 16.
g. p.(Hebraicerumquae· 121 77, 12.

21122212) 37, 27. 39, 9. 43, Iordanis.

7. 16. 45, 19. 57, 9. 71, 4. a. s. (trans Iordanem a

77, 8. 81, 3. 91, 5. 121, Περαία) 13, 28. 23, 26.

21. 123, 3. 119,14. 131, 81, 18. 95, 22. 147, 4.

25. 135, 2. 139,12. 141, 26. s. 125, 20.

13. 143, 6. 12. 149, 2. 157, 12221112 127, 6. 153, 7.
nimii? 199', Ι1711473, ¹1¹5. 81, iiiiii? ii.1⁵'25⁵.’4².⁴‘
11612121921111191131111151212212111 1111111211131011115, 6. 19, 19.

nominum liber) 149, 7. 57, 26. 67, 2. 73, 23. 83,

26. p. 149, 5. 24. 141, 22. 165, 20.
Heliopolis a. s. 39, 8. . g. s. 83, 26.
Herodes 173, 19. Israelita 117, 6.

ab. 2. 49, 13. 11162111 105, 1.
Hippodromus 83, 15. 11211292. 23, 6. 25, 13. 27,
126221 111, 5. 2. 73, 2383, 13. 121,14.
Iacob 7, 2. 13. 95, 12, 125,’ 173, 23.

4Λ22 1ΜΜ222Λ·22·

1212 129, 25. 173, 19.
12111112 129, 25. lKappa 121, 4.

121945, 14. ,12622111 123, 5.

1212221 127, 19. 1212211212 123, 21.

lanum 129, 5. 51222 121, 8.

1211122111 127, 12. ¹Lasaron 123, 1.

12222 125, 7. Latine 2. 2. 3, 15.

lazer 13, 1. 3. ab. s. 3, 2.

idumaeus g. p. 73, 28. 113, 12119123, 16. 25, 11. 151, 1.
11. 1 7, 25.

 

