Josua 12, 5. Stellenregister. Josua 19, 29· 183

12, 5. . .64,1.118,9 1518114,14.5ο,1.86,5.117, 10. . . . . 16, 11
11, 9. . . . .66, 81. 156,10. ,17, 111. . . . . 78,91“.
11,11 . . . . ,106, 951519 . . 591386, 6117,11194,11.98,11.1ο8,14.
11,11. . 66, 198411 15, 301 86,7,98,11,14ο,81Ὶ 118,15.138,1.
1413. . . . . 68111 171, 18. 11416. . . 108, 11. 13
11,14. . . . . 19111531.130,7.156,11.1318,11. . . . . 5914
11,16. . . . . 40,13,15,31114,15.111,4. 144,518,13116,15, 3ο. 40, 22.
12,17. . 98,7,140,16 11.156,14. 11910.
12,18. . 11,1.111, 111533 .14,18.10.156,15118,14. . . . ,11413
1410111,3.118,11.154,11,1534 . 94181998. 8 18, 15 . . . . .136,18.
12, 21 . . 98,10.118,14 15, 351 18,11.14,11.106,118,16; 70, 1. 2. 86, 11.
1411. ,106,17. 114, 81 914. 156, 18. 1 14413.
11,13. . . ,68,13.1411536114,13.68,1ο.156,11 18,17150,16.51,6.54,11.
11,14. . . . . 98,19,·15,37116,1.13ο,9.156,111 7ο,18.86,14.158, 4.
13, 3. . .11,6. 11.1511538178,17.106,16.118,1.118, 19. 51,7.8. 100, 4
13,4.....22,19 1393. 18,11...18,1.51,8
13, 5 . 22, 11. 23. 68, 24 15, 39 . . 50, 1484131811 . . 4911158, 5
13, 8. . . . 60,191.,15,4ο .111,5.171,19.13[18,13 ..... 18, 3.4
13, 916. . . .128, 17 15, 411 50,15.68,17.116,14.118, 141 17, 21. 18, 6. 7. 66,
13, 9. . . . ,118191 136, 1ο. 17. 79151
13,1ο. . . . . 24, 1 15, 41. .16,3.4.1191411815151,9.66,13.144,14
13, 111 60,191,118,9.156, 1115, 431 16,6.106,17.136,11118161 28, 11. 130, ¹5· 172,
1313. . 68,9.118,10 15,44116,7.114,15.13ο,101 1517411
13,17 . ,44 8. 76, 2011 15, 45 . . . .11,8.161 18,17198,11.108,16,144,16
13, 18 . ,114, 10. 118, 11 y 15, 47: 10,1ο.11,13.61,15118, 28: 28, 8. 9. 70, 11. 70,
1319. ,15413159 5,15,481108,1.156,13.151 151106,6.7.158,6.
13,1ο. . . , , 48, 31549, . . .78,18.10119 1. . . . . 5911
1311 . . . . ,144, 8 1550116,8.11.13.86,10719, 1150,1.130,6.158,7
13,15111,91.14,1.104,15 15, 51168, 1516. 171, 14 19, 3 . 18,11.13.51,10
1516148,11.76,101,178.15. 1551178, 11. 86, 8. 19119 4151,11.88,1.98,11
130, 1, 4. 144, 4. 7 164161 119, 5118,14.51,11,156,11
13,17148,13.16.138101115,53116,15.50,18.108,5119, 6. . 51, 15. 111, 6
156,(1. 7. ,15, 54. . 16,16.156, 3 19, 71 18,15. 1688, 317.
13, 301 18, 411, 44, los. 15,55191,15.108,8. 1391 98,16.144,11.
10919, 1 12. 171, 10. 1¹9³ 8. . . ,51,13. 14
13, 31 . . . . 1411111155619413108,11. 17 1910. . . . ,158, 8
14131. , . , , 6,101. 1557. . , . . 961611911178,14.108,17.130,17
14, 151 6, 81. 14.7,13.170,115, 581 51, 1. 68,11. 8911719, 111 108, 19. 158,9. 174,
17. 1559150,17.86,13.13ο,13 2.11.
¹51 3² 1417·²413·6·¹¹419· 15, 593ι 4²110· 98‚17.168,¹19, ¹3² 281 ῙΊ· ¹8· 7⁰1 5·
15416. 21· 1 181188, 5· 11411-
15, 4. . . . . 14, 51. 15,60;16,17.48,111.114119, 14118,11.70,6.110,1
15, 6 48,18.11.111, 3 19. 23. 119,15151,16,110,1.116,1.
15, 7, .24, 8. 9. 66, 4115, 611 5911, 130,14. 156,, 138, 1. 158, 10.
15, 8, . . . 170, 814 17. 19,18118,11.1ο8,14.158,11
15, 91 48,11.86,1.136,18,15 61 . . 86,16.136,1311919118,15. 17. 158, 13
1510. . . . .171, 16115, 63. . . . ,106, 3 19,10118,18.114,18.14419,
15,11148,15.106,10.156,8116, 1. . . . . 16, 18 1911151, 189415. 28.
15,15ff. . . . . 78,13·16, 3. . . . ,108, 18 119314411.
1515. . . . ,106, 11116, 5116,19,11.17,11.1 19,11178,15.98,13,158,15
1519 . . 68, 17. 119111 46,11. 19151391. 51,19.88,6.
15,11186,3.106,13.114,13 16, 6198,13.108,19.156, 141,1.
15, 22: 78,16. 11414. 1641 18. 19, 161 3ο, 1.3.111,7.13ο,
14. 116, 7. . . . ,136,141 1815816.
15131 84, 26. 86, 4. 106, 16, 8 . . 98, 1511410 19171 30, 5. 52, 11. 13.
1511) 16,10. . . . . 68, 1 174113,
15,14148,16.91,11.164,15 17, 71 108, 11. 130, 16. 19, 181 30, 4. 8. 98815.
15, 15 . ,19458416 1581. 116‚4·1441²²·
15,16114,11.130,6.156,9 17, 8 . . . . . 98, 16 19,19130,11.144,13.176,
15,1711411.48,17.68,1817, 9. . . . ,11411 11.

 

